4294967294,0
4294967278,308
4294967279,303
4294967278,307
4294967279,302
4294967278,306
4294967279,301
4294967278,305
4294967279,300
4294967279,260
4294967279,0
4294967294,7
4294967278,304
4294967294,6
4294967278,132
4294967278,131
4294967278,130
4294967278,129
4294967278,128
4294967278,127
4294967278,126
4294967278,125
4294967278,124
4294967278,123
4294967278,122
4294967278,121
4294967278,120
4294967278,119
4294967278,118
4294967278,117
4294967278,116
4294967278,115
4294967278,114
4294967278,113
4294967278,112
4294967278,111
4294967278,110
4294967278,109
4294967278,108
4294967278,107
4294967278,106
4294967278,105
4294967278,104
4294967278,103
4294967278,102
4294967278,101
4294967278,100
4294967278,99
4294967278,98
4294967278,97
4294967278,96
4294967278,95
4294967278,94
4294967278,93
4294967278,92
4294967278,91
4294967278,90
4294967278,89
4294967278,87
4294967278,86
4294967278,85
4294967278,84
4294967278,83
4294967278,82
4294967278,81
4294967278,80
4294967278,79
4294967278,77
4294967278,76
4294967278,75
4294967278,74
4294967278,73
4294967278,72
4294967278,71
4294967278,70
4294967278,69
4294967278,68
4294967278,67
4294967278,66
4294967278,65
4294967278,64
4294967278,63
4294967278,62
4294967278,61
4294967278,60
4294967278,59
4294967278,58
4294967278,57
4294967278,56
4294967278,55
4294967278,54
4294967278,53
4294967278,52
4294967278,51
4294967278,50
4294967278,49
4294967278,48
4294967278,47
4294967278,46
4294967278,45
4294967278,44
4294967278,43
4294967278,42
4294967278,41
4294967278,40
4294967278,39
4294967278,38
4294967279,21
4294967279,15
4294967279,14
4294967279,13
4294967279,273
4294967279,12
4294967279,280
4294967279,11
4294967279,9
4294967279,8
4294967279,274
4294967279,7
4294967279,6
4294967279,5
4294967279,4
0,5
4294967279,299
4294967278,303
4294967278,260
4294967278,0
4294967278,78
4294967294,190
4294967294,112
4294967294,519
4294967294,1
4294967294,46
4294967294,5
4294967294,17
4294967294,67
4294967294,99
4294967294,43
4294967294,388
4294967294,167
4294967294,175
4294967294,177
4294967294,168
4294967294,898
4294967294,12
4294967294,97
4294967294,68
4294967294,166
4294967294,24
4294967294,25
4294967294,384
4294967294,11
4294967294,80
4294967294,169
4294967294,183
4294967294,26
4294967294,173
4294967278,302
4294967279,298
4294967278,301
4294967279,297
4294967278,300
4294967279,296
4294967278,299
16,5
16,4
16,3
16,2
16,1
4294967278,298
15,6
15,5
15,4
15,3
15,2
15,1
4294967279,295
4294967294,471
4294967278,297
4294967279,294
14,4
14,3
14,2
14,1
4294967279,293
4294967278,296
4294967279,292
13,7
13,6
13,5
13,4
13,3
13,2
13,1
4294967278,295
4294967294,1417
4294967294,437
4294967279,291
11,4
11,3
11,2
11,1
4294967279,290
4294967278,294
10,4
10,3
10,2
10,1
4294967279,289
4294967294,973
9,4
9,3
9,2
9,1
4294967279,288
4294967278,293
4294967279,287
8,4
8,3
8,2
8,1
4294967279,286
4294967294,1416
4294967278,292
4294967279,285
7,5
7,4
7,3
7,2
7,1
4294967278,291
4294967294,470
6,5
6,4
6,3
6,2
6,1
4294967279,284
4294967294,1415
4294967278,290
4294967278,289
4294967279,283
4294967278,288
5,6
5,5
5,4
5,3
5,2
5,1
4294967294,187
4,4
4,3
4,2
4,1
4294967294,1414
4294967294,1413
4294967278,287
3,4
3,3
3,2
3,1
4294967294,83
4294967279,282
4294967293,131
4294967293,130
4294967293,129
4294967293,128
4294967293,127
4294967293,126
4294967293,125
4294967293,124
4294967293,123
4294967293,122
4294967293,121
4294967293,120
4294967293,119
4294967293,118
4294967293,117
4294967293,116
4294967293,115
4294967293,114
4294967293,113
4294967293,112
4294967293,111
